480
1122
1786
742
373
2401
579
1041
2240
512
873
1012
1497
2142
1424
709
2433
1017
979
114
2187
2309
2489
1236
1836
1004
207
2286
1123
1756
559
1933
1760
1232
2096
853
524
1195
889
1880
1133
676
592
1560
2468
1412
441
1881
1194
422
266
1547
717
642
1959
2356
1008
2407
1232
2411
2212
1129
2344
32
1006
1837
1060
2301
1445
1706
526
311
891
492
2432
914
883
2191
81
915
877
381
153
721
372
902
1985
1924
2022
1236
840
1284
636
2071
465
2260
1941
1232
950
1035
763
2054
400
2086
2494
1151
1902
2257
2308
2202
1889
764
1026
2069
181
2297
1333
1083
2491
2029
1690
841
1549
515
1254
424
770
1194
2495
1717
435
696
2397
280
2206
85
2427
1043
1258
224
1423
1090
304
1358
2252
1520
98
2075
1122
2415
712
847
1115
1291
2435
211
1324
1158
375
1252
452
265
404
1926
1478
348
2073
912
719
1748
419
1769
651
2255
2003
1333
1738
1086
58
1896
188
2053
452
903
337
1758
975
1662
1959
654
1086
8
850
279
1439
1824
185
507
1202
1763
95
1824
1006
690
917
1441
183
998
438
12
820
320
1590
1235
1738
274
1855
2072
2153
95
2192
2077
1436
138
1000
1774
38
681
1403
488
469
833
1615
2302
1169
1196
680
2393
57
737
1413
1198
427
2211
1966
665
1500
1343
1585
2268
1387
1127
1612
1468
90
78
1279
1730
1500
1270
856
1846
492
1289
2287
2433
484
1916
596
2346
277
1592
1387
902
1141
511
1975
252
1855
868
1941
2190
1032
1965
382
1556
1497
2207
78
1010
402
2370
2034
1432
816
1451
415
1368
1854
904
1901
1925
1722
1629
1009
638
1248
1003
68
2274
430
960
1394
243
2029
879
1746
2113
2059
1879
1843
1100
1988
2486
922
1127
1698
2160
651
1781
1196
1709
1193
2220
1007
24
2146
521
848
2276
739
16
885
933
57
1895
798
1441
1772
2302
1697
1280
867
1027
135
447
2328
1163
2263
1257
1234
2084
1888
1287
678
1177
1378
342
254
1352
20
1585
760
733
1374
631
1029
1108
1468
1136
1759
1674
66
661
2326
62
2088
1770
1352
2130
1761
1121
114
719
677
931
1875
1562
1393
1199
971
1987
162
2465
134
165
678
195
2212
2319
1876
1870
410
509
1554
201
1941
1348
679
2497
1041
1620
373
1539
1100
574
1231
2229
622
643
1038
365
1129
2027
2145
2465
2024
2491
1570
52
614
2310
1983
1660
2266
1731
2234
1618
348
1106
1170
665
1988
1887
1672
1632
1775
1632
1388
305
2016
1212
2480
212
1707
1062
510
233
1361
278
1555
437
1488
1870
1686
919
403
592
462
1055
677
247
1912
2411
114
2278
620
378
893
98
1972
937
48
1983
23
686
2368
1887
2105
2336
43
2130
2033
544
2190
2011
133
750
84
794
1623
582
1466
2019
1455
678
808
2221
1632
590
608
1488
886
1848
2340
1357
2483
1137
833
813
2
1886
2177
1149
1086
1105
1515
332
2140
2301
1556
1326
2068
64
2337
801
2473
1442
487
2326
686
869
1372
482
1742
2024
1622
947
440
55
1031
2322
2493
710
645
1810
1432
1039
322
281
2208
1866
245
1602
658
784
1497
1254
1896
2371
1786
645
798
1024
2380
97
2253
1932
81
826
382
1600
2009
964
1465
1893
1610
1943
37
903
1752
1979
2248
1607
1328
1679
1595
869
78
774
262
1813
1548
1260
200
1410
2136
800
1003
1470
291
1119
242
707
474
613
1509
269
698
227
1057
1402
989
2044
477
2404
1288
1088
1651
60
2283
574
274
31
64
1649
1933
2154
433
2411
1728
446
1685
438
2399
1858
1477
1926
66
2056
1641
1444
329
2085
2267
918
2162
1352
1551
264
1511
1664
715
2253
576
2153
903
860
143
1555
853
57
387
2429
925
1539
131
1788
598
1923
121
994
705
320
890
385
1152
883
1518
2480
95
1003
1387
2429
1153
1155
1539
1316
2429
819
2038
2099
1018
1602
837
821
1225
2470
987
2039
131
895
2106
2166
1297
2450
1469
1271
1336
594
1082
1464
1493
191
17
2174
1959
60
2072
1861
1643
1877
1678
576
1001
2144
1733
480
988
1100
1030
1009
218
1592
1999
2289
1522
1771
2337
337
840
1937
1038
1115
1460
1256
2043
1731
740
1365
1286
2171
1287
1542
2153
370
2152
1643
1252
704
858
644
749
223
94
1774
31
1430
306
2486
1393
383
835
2462
906
2425
1058
1058
1464
1199
295
732
2451
2271
1013
828
1333
2469
125
1655
2342
790
1632
561
1032
2474
391
1097
1569
1266
2321
168
455
2009
2087
1775
1158
2452
686
450
251
2346
37
263
2057
819
1693
15
1669
1042
1749
1376
905
1526
1819
2008
853
1600
762
589
1251
1164
1565
238
835
1218
306
239
259
2386
2218
2033
2005
298
1342
1693
1475
1081
1331
1962
142
731
1939
223
66
2029
865
1619
243
385
1937
1587
23
148
2330
1021
2336
1637
2217
689
886
2269
2408
1032
2089
496
680
1510
594
474
1981
1516
1191
1027
310
687
1966
1876
1829
534
465
1437
656
1113
1361
1309
2052
1337
953
1084
306
1797
1456
1902
1249
368
494
1687
868
1676
807
1011
1813
852
168
1350
2063
1436
2258
2229
2288
1516
353
518
1423
1355
2472
305
255
907
1322
308
831
2079
1729
2287
2002
1928
1890
1171
648
1285
474
221
1045
1913
2076
36
508
1715
2091
65
880
2143
705
1997
1879
476
1432
1363
1057
2145
764
664
1260
2302
760
1765
1422
1148
1345
556
381
1401
2029
352
1808
1403
1929
2312